-0.000000
-0.001250
-0.001250
-0.001250
-0.001250
-0.001250
-0.001250
-0.001250
-0.001250
-0.001250
-0.001250
-0.001250
-0.001250
-0.001250
-0.001250
-0.001250
-0.001250
-0.001250
-0.001250
-0.001250
-0.001250
-0.001250
-0.001250
-0.001250
-0.001250
-0.001250
-0.001250
-0.001250
-0.001250
-0.001250
-0.000000
-0.001250
-0.001250
-0.001250
-0.001250
-0.001250
-0.001250
-0.001250
-0.001250
-0.001250
-0.001250
-0.001250
-0.001250
-0.001250
-0.001250
-0.001250
-0.001250
-0.001250
-0.001250
-0.001250
-0.001250
-0.001250
-0.001250
-0.001250
-0.001250
-0.001250
-0.001250
-0.001250
-0.001250
-0.001250
0.000000
0.000134
0.001250
0.001250
0.001250
0.001250
0.001250
0.001250
0.001250
0.001250
0.001250
0.001250
0.001250
0.001247
0.001246
0.001233
0.001218
0.001234
0.001228
0.001239
0.001241
0.001250
0.001250
0.001250
0.001250
0.001250
0.001250
0.001250
0.001250
0.001250
0.001250
0.001129
0.001250
0.001250
0.001250
0.001250
0.001250
0.001250
0.001250
0.001250
0.001250
0.001250
0.001241
0.001239
0.001228
0.001234
0.001218
0.001233
0.001246
0.001247
0.001250
0.001250
0.001250
0.001250
0.001250
0.001250
0.001250
0.001250
0.001250
0.001250
0.001250
0.001250
-0.001250
0.001250
0.001250
0.001250
0.001250
0.001250
0.001250
0.001250
0.001250
0.001250
0.001250
0.001250
0.001247
0.001239
0.001223
0.001205
0.001217
0.001210
0.001219
0.001220
0.001234
0.001234
0.001243
0.001248
0.001248
0.001250
0.001250
0.001250
0.001250
0.001250
0.001250
0.001250
0.001250
0.001250
0.001250
0.001250
0.001248
0.001248
0.001243
0.001234
0.001234
0.001220
0.001219
0.001210
0.001217
0.001205
0.001223
0.001239
0.001247
0.001250
0.001250
0.001250
0.001250
0.001250
0.001250
0.001250
0.001250
0.001250
0.001250
0.001250
0.000691
-0.001250
0.001250
0.001250
0.001250
0.001250
0.001250
0.001250
0.001250
0.001250
0.001250
0.001250
0.001250
0.001248
0.001228
0.001209
0.001184
0.001191
0.001181
0.001187
0.001186
0.001198
0.001196
0.001204
0.001209
0.001208
0.001213
0.001217
0.001221
0.001217
0.001210
0.001250
0.001210
0.001217
0.001221
0.001217
0.001213
0.001208
0.001209
0.001204
0.001196
0.001198
0.001186
0.001187
0.001181
0.001191
0.001184
0.001209
0.001228
0.001248
0.001250
0.001250
0.001250
0.001250
0.001250
0.001250
0.001250
0.001250
0.001250
0.001250
0.001250
0.000332
-0.001250
0.001250
0.001250
0.001250
0.001250
0.001250
0.001250
0.001250
0.001250
0.001250
0.001250
0.001250
0.001250
0.001216
0.001191
0.001159
0.001157
0.001145
0.001146
0.001142
0.001152
0.001148
0.001155
0.001159
0.001157
0.001161
0.001162
0.001166
0.001165
0.001124
0.001250
0.001124
0.001165
0.001166
0.001162
0.001161
0.001157
0.001159
0.001155
0.001148
0.001152
0.001142
0.001146
0.001145
0.001157
0.001159
0.001191
0.001216
0.001250
0.001250
0.001250
0.001250
0.001250
0.001250
0.001250
0.001250
0.001250
0.001250
0.001250
0.001250
0.000183
-0.001250
0.001250
0.001250
0.001250
0.001250
0.001250
0.001250
0.001250
0.001250
0.001250
0.001250
0.001250
0.001250
0.001207
0.001173
0.001132
0.001120
0.001103
0.001099
0.001092
0.001099
0.001092
0.001098
0.001101
0.001097
0.001100
0.001099
0.001102
0.001103
0.001050
0.001250
0.001050
0.001103
0.001102
0.001099
0.001100
0.001097
0.001101
0.001098
0.001092
0.001099
0.001092
0.001099
0.001103
0.001120
0.001132
0.001173
0.001207
0.001250
0.001250
0.001250
0.001250
0.001250
0.001250
0.001250
0.001250
0.001250
0.001250
0.001250
0.001250
0.000126
-0.001250
0.001250
0.001250
0.001250
0.001250
0.001250
0.001250
0.001250
0.001250
0.001250
0.001250
0.001250
0.001250
0.001206
0.001156
0.001107
0.001083
0.001061
0.001050
0.001040
0.001042
0.001032
0.001037
0.001038
0.001033
0.001035
0.001031
0.001034
0.001036
0.000983
0.001250
0.000983
0.001036
0.001034
0.001031
0.001035
0.001033
0.001038
0.001037
0.001032
0.001042
0.001040
0.001050
0.001061
0.001083
0.001107
0.001156
0.001206
0.001250
0.001250
0.001250
0.001250
0.001250
0.001250
0.001250
0.001250
0.001250
0.001250
0.001250
0.001250
0.000084
-0.001250
0.001250
0.001250
0.001250
0.001250
0.001250
0.001250
0.001250
0.001250
0.001250
0.001250
0.001250
0.001250
0.001212
0.001146
0.001086
0.001050
0.001021
0.001002
0.000989
0.000985
0.000971
0.000975
0.000974
0.000967
0.000969
0.000963
0.000965
0.000968
0.000921
0.001240
0.000921
0.000968
0.000965
0.000963
0.000969
0.000967
0.000974
0.000975
0.000971
0.000985
0.000989
0.001002
0.001021
0.001050
0.001086
0.001146
0.001212
0.001250
0.001250
0.001250
0.001250
0.001250
0.001250
0.001250
0.001250
0.001250
0.001250
0.001250
0.001250
0.000058
-0.001250
0.001250
0.001250
0.001250
0.001250
0.001250
0.001250
0.001250
0.001250
0.001250
0.001250
0.001250
0.001250
0.001224
0.001144
0.001070
0.001021
0.000986
0.000956
0.000940
0.000929
0.000913
0.000915
0.000910
0.000903
0.000903
0.000896
0.000897
0.000901
0.000864
0.001157
0.000864
0.000901
0.000897
0.000896
0.000903
0.000903
0.000910
0.000915
0.000913
0.000929
0.000940
0.000956
0.000986
0.001021
0.001070
0.001144
0.001224
0.001250
0.001250
0.001250
0.001250
0.001250
0.001250
0.001250
0.001250
0.001250
0.001250
0.001250
0.001250
0.000044
-0.001250
0.001250
0.001250
0.001250
0.001250
0.001250
0.001250
0.001250
0.001250
0.001250
0.001250
0.001250
0.001250
0.001244
0.001147
0.001062
0.000999
0.000957
0.000917
0.000895
0.000879
0.000857
0.000858
0.000850
0.000841
0.000841
0.000833
0.000833
0.000837
0.000807
0.001074
0.000807
0.000837
0.000833
0.000833
0.000841
0.000841
0.000850
0.000858
0.000857
0.000879
0.000895
0.000917
0.000957
0.000999
0.001062
0.001147
0.001244
0.001250
0.001250
0.001250
0.001250
0.001250
0.001250
0.001250
0.001250
0.001250
0.001250
0.001250
0.001250
0.000032
-0.001250
0.001250
0.001250
0.001250
0.001250
0.001250
0.001250
0.001250
0.001250
0.001250
0.001194
0.001221
0.001250
0.001250
0.001158
0.001060
0.000985
0.000935
0.000886
0.000858
0.000832
0.000811
0.000804
0.000793
0.000784
0.000783
0.000774
0.000774
0.000781
0.000751
0.000998
0.000751
0.000781
0.000774
0.000774
0.000783
0.000784
0.000793
0.000804
0.000811
0.000832
0.000858
0.000886
0.000935
0.000985
0.001060
0.001158
0.001250
0.001250
0.001221
0.001194
0.001250
0.001250
0.001250
0.001250
0.001250
0.001250
0.001250
0.001250
0.001250
0.000024
-0.001250
0.001250
0.001250
0.001250
0.001250
0.001250
0.001250
0.001250
0.001250
0.001239
0.001039
0.000986
0.001040
0.001148
0.001176
0.001067
0.000975
0.000920
0.000861
0.000829
0.000793
0.000768
0.000759
0.000740
0.000732
0.000730
0.000720
0.000720
0.000730
0.000696
0.000928
0.000696
0.000730
0.000720
0.000720
0.000730
0.000732
0.000740
0.000759
0.000768
0.000793
0.000829
0.000861
0.000920
0.000975
0.001067
0.001176
0.001148
0.001040
0.000986
0.001039
0.001239
0.001250
0.001250
0.001250
0.001250
0.001250
0.001250
0.001250
0.001250
0.000019
-0.001250
0.001250
0.001250
0.001250
0.001250
0.001250
0.001250
0.001250
0.001250
0.001250
0.001005
0.000862
0.000830
0.000877
0.000924
0.001062
0.000970
0.000912
0.000844
0.000806
0.000762
0.000735
0.000718
0.000697
0.000684
0.000682
0.000671
0.000671
0.000685
0.000645
0.000866
0.000645
0.000685
0.000671
0.000671
0.000682
0.000684
0.000697
0.000718
0.000735
0.000762
0.000806
0.000844
0.000912
0.000970
0.001062
0.000924
0.000877
0.000830
0.000862
0.001005
0.001250
0.001250
0.001250
0.001250
0.001250
0.001250
0.001250
0.001250
0.001250
0.000015
-0.001250
0.001228
0.001228
0.001231
0.001240
0.001250
0.001250
0.001250
0.001250
0.001250
0.001049
0.000828
0.000725
0.000706
0.000734
0.000795
0.000865
0.000908
0.000832
0.000792
0.000739
0.000711
0.000685
0.000658
0.000648
0.000637
0.000627
0.000628
0.000645
0.000600
0.000809
0.000600
0.000645
0.000628
0.000627
0.000637
0.000648
0.000658
0.000685
0.000711
0.000739
0.000792
0.000832
0.000908
0.000865
0.000795
0.000734
0.000706
0.000725
0.000828
0.001049
0.001250
0.001250
0.001250
0.001250
0.001250
0.001240
0.001231
0.001228
0.001228
0.000012
-0.001250
0.001250
0.001250
0.001239
0.001223
0.001212
0.001211
0.001227
0.001250
0.001250
0.001111
0.000857
0.000691
0.000616
0.000603
0.000627
0.000675
0.000719
0.000772
0.000780
0.000721
0.000694
0.000662
0.000628
0.000615
0.000605
0.000586
0.000589
0.000608
0.000562
0.000756
0.000562
0.000608
0.000589
0.000586
0.000605
0.000615
0.000628
0.000662
0.000694
0.000721
0.000780
0.000772
0.000719
0.000675
0.000627
0.000603
0.000616
0.000691
0.000857
0.001111
0.001250
0.001250
0.001227
0.001211
0.001212
0.001223
0.001239
0.001250
0.001250
0.000010
-0.001250
0.001209
0.001199
0.001186
0.001171
0.001156
0.001145
0.001146
0.001165
0.001198
0.001250
0.000904
0.000700
0.000582
0.000530
0.000522
0.000542
0.000574
0.000614
0.000642
0.000654
0.000676
0.000643
0.000608
0.000591
0.000574
0.000558
0.000552
0.000572
0.000535
0.000702
0.000535
0.000572
0.000552
0.000558
0.000574
0.000591
0.000608
0.000643
0.000676
0.000654
0.000642
0.000614
0.000574
0.000542
0.000522
0.000530
0.000582
0.000700
0.000904
0.001250
0.001198
0.001165
0.001146
0.001145
0.001156
0.001171
0.001186
0.001199
0.001209
0.000008
-0.001250
0.001229
0.001213
0.001188
0.001159
0.001129
0.001104
0.001080
0.001066
0.001069
0.001079
0.001003
0.000743
0.000583
0.000499
0.000464
0.000460
0.000473
0.000497
0.000524
0.000546
0.000564
0.000563
0.000568
0.000572
0.000550
0.000532
0.000528
0.000526
0.000524
0.000642
0.000524
0.000526
0.000528
0.000532
0.000550
0.000572
0.000568
0.000563
0.000564
0.000546
0.000524
0.000497
0.000473
0.000460
0.000464
0.000499
0.000583
0.000743
0.001003
0.001079
0.001069
0.001066
0.001080
0.001104
0.001129
0.001159
0.001188
0.001213
0.001229
0.000006
-0.001250
0.001217
0.001198
0.001170
0.001137
0.001101
0.001069
0.001046
0.001024
0.001013
0.001022
0.001041
0.000782
0.000604
0.000494
0.000437
0.000413
0.000410
0.000419
0.000436
0.000454
0.000471
0.000483
0.000490
0.000494
0.000487
0.000490
0.000484
0.000490
0.000510
0.000565
0.000510
0.000490
0.000484
0.000490
0.000487
0.000494
0.000490
0.000483
0.000471
0.000454
0.000436
0.000419
0.000410
0.000413
0.000437
0.000494
0.000604
0.000782
0.001041
0.001022
0.001013
0.001024
0.001046
0.001069
0.001101
0.001137
0.001170
0.001198
0.001217
0.000005
-0.001250
0.001225
0.001204
0.001171
0.001130
0.001085
0.001041
0.000998
0.000970
0.000943
0.000927
0.000931
0.000869
0.000641
0.000506
0.000430
0.000391
0.000374
0.000371
0.000376
0.000387
0.000399
0.000410
0.000418
0.000423
0.000423
0.000422
0.000422
0.000443
0.000481
0.000509
0.000481
0.000443
0.000422
0.000422
0.000423
0.000423
0.000418
0.000410
0.000399
0.000387
0.000376
0.000371
0.000374
0.000391
0.000430
0.000506
0.000641
0.000869
0.000931
0.000927
0.000943
0.000970
0.000998
0.001041
0.001085
0.001130
0.001171
0.001204
0.001225
0.000004
-0.001250
0.001215
0.001192
0.001158
0.001115
0.001069
0.001022
0.000980
0.000943
0.000922
0.000901
0.000891
0.000899
0.000678
0.000527
0.000436
0.000385
0.000357
0.000344
0.000341
0.000343
0.000348
0.000354
0.000359
0.000363
0.000363
0.000361
0.000361
0.000376
0.000431
0.000464
0.000431
0.000376
0.000361
0.000361
0.000363
0.000363
0.000359
0.000354
0.000348
0.000343
0.000341
0.000344
0.000357
0.000385
0.000436
0.000527
0.000678
0.000899
0.000891
0.000901
0.000922
0.000943
0.000980
0.001022
0.001069
0.001115
0.001158
0.001192
0.001215
0.000003
-0.001250
0.001226
0.001203
0.001169
0.001125
0.001077
0.001027
0.000979
0.000935
0.000893
0.000868
0.000838
0.000816
0.000692
0.000548
0.000449
0.000388
0.000352
0.000333
0.000322
0.000318
0.000316
0.000317
0.000317
0.000316
0.000313
0.000309
0.000306
0.000315
0.000355
0.000422
0.000355
0.000315
0.000306
0.000309
0.000313
0.000316
0.000317
0.000317
0.000316
0.000318
0.000322
0.000333
0.000352
0.000388
0.000449
0.000548
0.000692
0.000816
0.000838
0.000868
0.000893
0.000935
0.000979
0.001027
0.001077
0.001125
0.001169
0.001203
0.001226
0.000003
-0.001250
0.001226
0.001202
0.001164
0.001116
0.001063
0.001008
0.000956
0.000908
0.000867
0.000831
0.000818
0.000802
0.000731
0.000570
0.000464
0.000397
0.000356
0.000332
0.000317
0.000308
0.000302
0.000297
0.000293
0.000287
0.000279
0.000268
0.000258
0.000260
0.000290
0.000349
0.000290
0.000260
0.000258
0.000268
0.000279
0.000287
0.000293
0.000297
0.000302
0.000308
0.000317
0.000332
0.000356
0.000397
0.000464
0.000570
0.000731
0.000802
0.000818
0.000831
0.000867
0.000908
0.000956
0.001008
0.001063
0.001116
0.001164
0.001202
0.001226
0.000002
-0.001250
0.001250
0.001225
0.001184
0.001134
0.001076
0.001016
0.000957
0.000903
0.000855
0.000815
0.000780
0.000769
0.000699
0.000584
0.000483
0.000412
0.000367
0.000339
0.000321
0.000310
0.000301
0.000293
0.000286
0.000276
0.000263
0.000245
0.000222
0.000212
0.000231
0.000277
0.000231
0.000212
0.000222
0.000245
0.000263
0.000276
0.000286
0.000293
0.000301
0.000310
0.000321
0.000339
0.000367
0.000412
0.000483
0.000584
0.000699
0.000769
0.000780
0.000815
0.000855
0.000903
0.000957
0.001016
0.001076
0.001134
0.001184
0.001225
0.001250
0.000001
-0.001250
0.001250
0.001241
0.001192
0.001134
0.001069
0.001006
0.000948
0.000897
0.000853
0.000822
0.000798
0.000767
0.000686
0.000603
0.000507
0.000433
0.000384
0.000353
0.000333
0.000320
0.000310
0.000302
0.000293
0.000283
0.000268
0.000248
0.000218
0.000175
0.000176
0.000207
0.000176
0.000175
0.000218
0.000248
0.000268
0.000283
0.000293
0.000302
0.000310
0.000320
0.000333
0.000353
0.000384
0.000433
0.000507
0.000603
0.000686
0.000767
0.000798
0.000822
0.000853
0.000897
0.000948
0.001006
0.001069
0.001134
0.001192
0.001241
0.001250
0.000003
-0.001250
0.001250
0.001250
0.001157
0.001050
0.000976
0.000924
0.000888
0.000860
0.000833
0.000797
0.000762
0.000734
0.000701
0.000632
0.000546
0.000464
0.000409
0.000374
0.000351
0.000337
0.000326
0.000318
0.000311
0.000302
0.000291
0.000275
0.000249
0.000208
0.000134
0.000129
0.000134
0.000208
0.000249
0.000275
0.000291
0.000302
0.000311
0.000318
0.000326
0.000337
0.000351
0.000374
0.000409
0.000464
0.000546
0.000632
0.000701
0.000734
0.000762
0.000797
0.000833
0.000860
0.000888
0.000924
0.000976
0.001050
0.001157
0.001250
0.001250
0.000105
-0.000000
0.000919
0.001209
0.001250
0.001250
0.001250
0.001250
0.001250
0.001228
0.001130
0.001051
0.000983
0.000903
0.000760
0.000658
0.000579
0.000503
0.000437
0.000395
0.000369
0.000352
0.000341
0.000333
0.000326
0.000321
0.000314
0.000305
0.000290
0.000264
0.000220
-0.000652
0.000320
0.000426
0.000484
0.000518
0.000539
0.000554
0.000566
0.000579
0.000595
0.000617
0.000651
0.000706
0.000797
0.000943
0.001128
0.001250
0.001250
0.001250
0.001250
0.001250
0.001250
0.001250
0.001250
0.001250
0.001250
0.001250
0.001250
0.001250
0.001250
-0.000000
-0.001250
0.001250
0.001250
0.001157
0.001050
0.000976
0.000924
0.000888
0.000860
0.000833
0.000797
0.000762
0.000734
0.000701
0.000632
0.000546
0.000464
0.000409
0.000374
0.000351
0.000337
0.000326
0.000318
0.000311
0.000302
0.000291
0.000275
0.000249
0.000208
0.000134
0.000129
0.000134
0.000208
0.000249
0.000275
0.000291
0.000302
0.000311
0.000318
0.000326
0.000337
0.000351
0.000374
0.000409
0.000464
0.000546
0.000632
0.000701
0.000734
0.000762
0.000797
0.000833
0.000860
0.000888
0.000924
0.000976
0.001050
0.001157
0.001250
0.001250
0.000053
-0.001250
0.001250
0.001241
0.001192
0.001134
0.001069
0.001006
0.000948
0.000897
0.000853
0.000822
0.000798
0.000767
0.000686
0.000603
0.000507
0.000433
0.000384
0.000353
0.000333
0.000320
0.000310
0.000302
0.000293
0.000283
0.000268
0.000248
0.000218
0.000175
0.000176
0.000207
0.000176
0.000175
0.000218
0.000248
0.000268
0.000283
0.000293
0.000302
0.000310
0.000320
0.000333
0.000353
0.000384
0.000433
0.000507
0.000603
0.000686
0.000767
0.000798
0.000822
0.000853
0.000897
0.000948
0.001006
0.001069
0.001134
0.001192
0.001241
0.001250
0.000001
-0.001250
0.001250
0.001225
0.001184
0.001134
0.001076
0.001016
0.000957
0.000903
0.000855
0.000815
0.000780
0.000769
0.000699
0.000584
0.000483
0.000412
0.000367
0.000339
0.000321
0.000310
0.000301
0.000293
0.000286
0.000276
0.000263
0.000245
0.000222
0.000212
0.000231
0.000277
0.000231
0.000212
0.000222
0.000245
0.000263
0.000276
0.000286
0.000293
0.000301
0.000310
0.000321
0.000339
0.000367
0.000412
0.000483
0.000584
0.000699
0.000769
0.000780
0.000815
0.000855
0.000903
0.000957
0.001016
0.001076
0.001134
0.001184
0.001225
0.001250
0.000001
-0.001250
0.001226
0.001202
0.001164
0.001116
0.001063
0.001008
0.000956
0.000908
0.000867
0.000831
0.000818
0.000802
0.000731
0.000570
0.000464
0.000397
0.000356
0.000332
0.000317
0.000308
0.000302
0.000297
0.000293
0.000287
0.000279
0.000268
0.000258
0.000260
0.000290
0.000349
0.000290
0.000260
0.000258
0.000268
0.000279
0.000287
0.000293
0.000297
0.000302
0.000308
0.000317
0.000332
0.000356
0.000397
0.000464
0.000570
0.000731
0.000802
0.000818
0.000831
0.000867
0.000908
0.000956
0.001008
0.001063
0.001116
0.001164
0.001202
0.001226
0.000001
-0.001250
0.001226
0.001203
0.001169
0.001125
0.001077
0.001027
0.000979
0.000935
0.000893
0.000868
0.000838
0.000816
0.000692
0.000548
0.000449
0.000388
0.000352
0.000333
0.000322
0.000318
0.000316
0.000317
0.000317
0.000316
0.000313
0.000309
0.000306
0.000315
0.000355
0.000422
0.000355
0.000315
0.000306
0.000309
0.000313
0.000316
0.000317
0.000317
0.000316
0.000318
0.000322
0.000333
0.000352
0.000388
0.000449
0.000548
0.000692
0.000816
0.000838
0.000868
0.000893
0.000935
0.000979
0.001027
0.001077
0.001125
0.001169
0.001203
0.001226
0.000001
-0.001250
0.001215
0.001192
0.001158
0.001115
0.001069
0.001022
0.000980
0.000943
0.000922
0.000901
0.000891
0.000899
0.000678
0.000527
0.000436
0.000385
0.000357
0.000344
0.000341
0.000343
0.000348
0.000354
0.000359
0.000363
0.000363
0.000361
0.000361
0.000376
0.000431
0.000464
0.000431
0.000376
0.000361
0.000361
0.000363
0.000363
0.000359
0.000354
0.000348
0.000343
0.000341
0.000344
0.000357
0.000385
0.000436
0.000527
0.000678
0.000899
0.000891
0.000901
0.000922
0.000943
0.000980
0.001022
0.001069
0.001115
0.001158
0.001192
0.001215
0.000002
-0.001250
0.001225
0.001204
0.001171
0.001130
0.001085
0.001041
0.000998
0.000970
0.000943
0.000927
0.000931
0.000869
0.000641
0.000506
0.000430
0.000391
0.000374
0.000371
0.000376
0.000387
0.000399
0.000410
0.000418
0.000423
0.000423
0.000422
0.000422
0.000443
0.000481
0.000509
0.000481
0.000443
0.000422
0.000422
0.000423
0.000423
0.000418
0.000410
0.000399
0.000387
0.000376
0.000371
0.000374
0.000391
0.000430
0.000506
0.000641
0.000869
0.000931
0.000927
0.000943
0.000970
0.000998
0.001041
0.001085
0.001130
0.001171
0.001204
0.001225
0.000002
-0.001250
0.001217
0.001198
0.001170
0.001137
0.001101
0.001069
0.001046
0.001024
0.001013
0.001022
0.001041
0.000782
0.000604
0.000494
0.000437
0.000413
0.000410
0.000419
0.000436
0.000454
0.000471
0.000483
0.000490
0.000494
0.000487
0.000490
0.000484
0.000490
0.000510
0.000565
0.000510
0.000490
0.000484
0.000490
0.000487
0.000494
0.000490
0.000483
0.000471
0.000454
0.000436
0.000419
0.000410
0.000413
0.000437
0.000494
0.000604
0.000782
0.001041
0.001022
0.001013
0.001024
0.001046
0.001069
0.001101
0.001137
0.001170
0.001198
0.001217
0.000003
-0.001250
0.001229
0.001213
0.001188
0.001159
0.001129
0.001104
0.001080
0.001066
0.001069
0.001079
0.001003
0.000743
0.000583
0.000499
0.000464
0.000460
0.000473
0.000497
0.000524
0.000546
0.000564
0.000563
0.000568
0.000572
0.000550
0.000532
0.000528
0.000526
0.000524
0.000642
0.000524
0.000526
0.000528
0.000532
0.000550
0.000572
0.000568
0.000563
0.000564
0.000546
0.000524
0.000497
0.000473
0.000460
0.000464
0.000499
0.000583
0.000743
0.001003
0.001079
0.001069
0.001066
0.001080
0.001104
0.001129
0.001159
0.001188
0.001213
0.001229
0.000003
-0.001250
0.001209
0.001199
0.001186
0.001171
0.001156
0.001145
0.001146
0.001165
0.001198
0.001250
0.000904
0.000700
0.000582
0.000530
0.000522
0.000542
0.000574
0.000614
0.000642
0.000654
0.000676
0.000643
0.000608
0.000591
0.000574
0.000558
0.000552
0.000572
0.000535
0.000702
0.000535
0.000572
0.000552
0.000558
0.000574
0.000591
0.000608
0.000643
0.000676
0.000654
0.000642
0.000614
0.000574
0.000542
0.000522
0.000530
0.000582
0.000700
0.000904
0.001250
0.001198
0.001165
0.001146
0.001145
0.001156
0.001171
0.001186
0.001199
0.001209
0.000004
-0.001250
0.001250
0.001250
0.001239
0.001223
0.001212
0.001211
0.001227
0.001250
0.001250
0.001111
0.000857
0.000691
0.000616
0.000603
0.000627
0.000675
0.000719
0.000772
0.000780
0.000721
0.000694
0.000662
0.000628
0.000615
0.000605
0.000586
0.000589
0.000608
0.000562
0.000756
0.000562
0.000608
0.000589
0.000586
0.000605
0.000615
0.000628
0.000662
0.000694
0.000721
0.000780
0.000772
0.000719
0.000675
0.000627
0.000603
0.000616
0.000691
0.000857
0.001111
0.001250
0.001250
0.001227
0.001211
0.001212
0.001223
0.001239
0.001250
0.001250
0.000005
-0.001250
0.001228
0.001228
0.001231
0.001240
0.001250
0.001250
0.001250
0.001250
0.001250
0.001049
0.000828
0.000725
0.000706
0.000734
0.000795
0.000865
0.000908
0.000832
0.000792
0.000739
0.000711
0.000685
0.000658
0.000648
0.000637
0.000627
0.000628
0.000645
0.000600
0.000809
0.000600
0.000645
0.000628
0.000627
0.000637
0.000648
0.000658
0.000685
0.000711
0.000739
0.000792
0.000832
0.000908
0.000865
0.000795
0.000734
0.000706
0.000725
0.000828
0.001049
0.001250
0.001250
0.001250
0.001250
0.001250
0.001240
0.001231
0.001228
0.001228
0.000007
-0.001250
0.001250
0.001250
0.001250
0.001250
0.001250
0.001250
0.001250
0.001250
0.001250
0.001005
0.000862
0.000830
0.000877
0.000924
0.001062
0.000970
0.000912
0.000844
0.000806
0.000762
0.000735
0.000718
0.000697
0.000684
0.000682
0.000671
0.000671
0.000685
0.000645
0.000866
0.000645
0.000685
0.000671
0.000671
0.000682
0.000684
0.000697
0.000718
0.000735
0.000762
0.000806
0.000844
0.000912
0.000970
0.001062
0.000924
0.000877
0.000830
0.000862
0.001005
0.001250
0.001250
0.001250
0.001250
0.001250
0.001250
0.001250
0.001250
0.001250
0.000008
-0.001250
0.001250
0.001250
0.001250
0.001250
0.001250
0.001250
0.001250
0.001250
0.001239
0.001039
0.000986
0.001040
0.001148
0.001176
0.001067
0.000975
0.000920
0.000861
0.000829
0.000793
0.000768
0.000759
0.000740
0.000732
0.000730
0.000720
0.000720
0.000730
0.000696
0.000928
0.000696
0.000730
0.000720
0.000720
0.000730
0.000732
0.000740
0.000759
0.000768
0.000793
0.000829
0.000861
0.000920
0.000975
0.001067
0.001176
0.001148
0.001040
0.000986
0.001039
0.001239
0.001250
0.001250
0.001250
0.001250
0.001250
0.001250
0.001250
0.001250
0.000011
-0.001250
0.001250
0.001250
0.001250
0.001250
0.001250
0.001250
0.001250
0.001250
0.001250
0.001194
0.001221
0.001250
0.001250
0.001158
0.001060
0.000985
0.000935
0.000886
0.000858
0.000832
0.000811
0.000804
0.000793
0.000784
0.000783
0.000774
0.000774
0.000781
0.000751
0.000998
0.000751
0.000781
0.000774
0.000774
0.000783
0.000784
0.000793
0.000804
0.000811
0.000832
0.000858
0.000886
0.000935
0.000985
0.001060
0.001158
0.001250
0.001250
0.001221
0.001194
0.001250
0.001250
0.001250
0.001250
0.001250
0.001250
0.001250
0.001250
0.001250
0.000013
-0.001250
0.001250
0.001250
0.001250
0.001250
0.001250
0.001250
0.001250
0.001250
0.001250
0.001250
0.001250
0.001250
0.001244
0.001147
0.001062
0.000999
0.000957
0.000917
0.000895
0.000879
0.000857
0.000858
0.000850
0.000841
0.000841
0.000833
0.000833
0.000837
0.000807
0.001074
0.000807
0.000837
0.000833
0.000833
0.000841
0.000841
0.000850
0.000858
0.000857
0.000879
0.000895
0.000917
0.000957
0.000999
0.001062
0.001147
0.001244
0.001250
0.001250
0.001250
0.001250
0.001250
0.001250
0.001250
0.001250
0.001250
0.001250
0.001250
0.001250
0.000017
-0.001250
0.001250
0.001250
0.001250
0.001250
0.001250
0.001250
0.001250
0.001250
0.001250
0.001250
0.001250
0.001250
0.001224
0.001144
0.001070
0.001021
0.000986
0.000956
0.000940
0.000929
0.000913
0.000915
0.000910
0.000903
0.000903
0.000896
0.000897
0.000901
0.000864
0.001157
0.000864
0.000901
0.000897
0.000896
0.000903
0.000903
0.000910
0.000915
0.000913
0.000929
0.000940
0.000956
0.000986
0.001021
0.001070
0.001144
0.001224
0.001250
0.001250
0.001250
0.001250
0.001250
0.001250
0.001250
0.001250
0.001250
0.001250
0.001250
0.001250
0.000023
-0.001250
0.001250
0.001250
0.001250
0.001250
0.001250
0.001250
0.001250
0.001250
0.001250
0.001250
0.001250
0.001250
0.001212
0.001146
0.001086
0.001050
0.001021
0.001002
0.000989
0.000985
0.000971
0.000975
0.000974
0.000967
0.000969
0.000963
0.000965
0.000968
0.000921
0.001240
0.000921
0.000968
0.000965
0.000963
0.000969
0.000967
0.000974
0.000975
0.000971
0.000985
0.000989
0.001002
0.001021
0.001050
0.001086
0.001146
0.001212
0.001250
0.001250
0.001250
0.001250
0.001250
0.001250
0.001250
0.001250
0.001250
0.001250
0.001250
0.001250
0.000031
-0.001250
0.001250
0.001250
0.001250
0.001250
0.001250
0.001250
0.001250
0.001250
0.001250
0.001250
0.001250
0.001250
0.001206
0.001156
0.001107
0.001083
0.001061
0.001050
0.001040
0.001042
0.001032
0.001037
0.001038
0.001033
0.001035
0.001031
0.001034
0.001036
0.000983
0.001250
0.000983
0.001036
0.001034
0.001031
0.001035
0.001033
0.001038
0.001037
0.001032
0.001042
0.001040
0.001050
0.001061
0.001083
0.001107
0.001156
0.001206
0.001250
0.001250
0.001250
0.001250
0.001250
0.001250
0.001250
0.001250
0.001250
0.001250
0.001250
0.001250
0.000045
-0.001250
0.001250
0.001250
0.001250
0.001250
0.001250
0.001250
0.001250
0.001250
0.001250
0.001250
0.001250
0.001250
0.001207
0.001173
0.001132
0.001120
0.001103
0.001099
0.001092
0.001099
0.001092
0.001098
0.001101
0.001097
0.001100
0.001099
0.001102
0.001103
0.001050
0.001250
0.001050
0.001103
0.001102
0.001099
0.001100
0.001097
0.001101
0.001098
0.001092
0.001099
0.001092
0.001099
0.001103
0.001120
0.001132
0.001173
0.001207
0.001250
0.001250
0.001250
0.001250
0.001250
0.001250
0.001250
0.001250
0.001250
0.001250
0.001250
0.001250
0.000066
-0.001250
0.001250
0.001250
0.001250
0.001250
0.001250
0.001250
0.001250
0.001250
0.001250
0.001250
0.001250
0.001250
0.001216
0.001191
0.001159
0.001157
0.001145
0.001146
0.001142
0.001152
0.001148
0.001155
0.001159
0.001157
0.001161
0.001162
0.001166
0.001165
0.001124
0.001250
0.001124
0.001165
0.001166
0.001162
0.001161
0.001157
0.001159
0.001155
0.001148
0.001152
0.001142
0.001146
0.001145
0.001157
0.001159
0.001191
0.001216
0.001250
0.001250
0.001250
0.001250
0.001250
0.001250
0.001250
0.001250
0.001250
0.001250
0.001250
0.001250
0.000097
-0.001250
0.001250
0.001250
0.001250
0.001250
0.001250
0.001250
0.001250
0.001250
0.001250
0.001250
0.001250
0.001248
0.001228
0.001209
0.001184
0.001191
0.001181
0.001187
0.001186
0.001198
0.001196
0.001204
0.001209
0.001208
0.001213
0.001217
0.001221
0.001217
0.001210
0.001250
0.001210
0.001217
0.001221
0.001217
0.001213
0.001208
0.001209
0.001204
0.001196
0.001198
0.001186
0.001187
0.001181
0.001191
0.001184
0.001209
0.001228
0.001248
0.001250
0.001250
0.001250
0.001250
0.001250
0.001250
0.001250
0.001250
0.001250
0.001250
0.001250
0.000177
-0.001250
0.001250
0.001250
0.001250
0.001250
0.001250
0.001250
0.001250
0.001250
0.001250
0.001250
0.001250
0.001247
0.001239
0.001223
0.001205
0.001217
0.001210
0.001219
0.001220
0.001234
0.001234
0.001243
0.001248
0.001248
0.001250
0.001250
0.001250
0.001250
0.001250
0.001250
0.001250
0.001250
0.001250
0.001250
0.001250
0.001248
0.001248
0.001243
0.001234
0.001234
0.001220
0.001219
0.001210
0.001217
0.001205
0.001223
0.001239
0.001247
0.001250
0.001250
0.001250
0.001250
0.001250
0.001250
0.001250
0.001250
0.001250
0.001250
0.001250
0.000366
-0.000750
0.001250
0.001250
0.001250
0.001250
0.001250
0.001250
0.001250
0.001250
0.001250
0.001250
0.001250
0.001247
0.001246
0.001233
0.001218
0.001234
0.001228
0.001239
0.001241
0.001250
0.001250
0.001250
0.001250
0.001250
0.001250
0.001250
0.001250
0.001250
0.001250
0.001129
0.001250
0.001250
0.001250
0.001250
0.001250
0.001250
0.001250
0.001250
0.001250
0.001250
0.001241
0.001239
0.001228
0.001234
0.001218
0.001233
0.001246
0.001247
0.001250
0.001250
0.001250
0.001250
0.001250
0.001250
0.001250
0.001250
0.001250
0.001250
0.001250
0.001242
0.000000
-0.001250
-0.001250
-0.001250
-0.001250
-0.001250
-0.001250
-0.001250
-0.001250
-0.001250
-0.001250
-0.001250
-0.001250
-0.001250
-0.001250
-0.001250
-0.001250
-0.001250
-0.001250
-0.001250
-0.001250
-0.001250
-0.001250
-0.001250
-0.001250
-0.001250
-0.001250
-0.001250
-0.001250
-0.001250
-0.000000
-0.001250
-0.001250
-0.001250
-0.001250
-0.001250
-0.001250
-0.001250
-0.001250
-0.001250
-0.001250
-0.001250
-0.001250
-0.001250
-0.001250
-0.001250
-0.001250
-0.001250
-0.001250
-0.001250
-0.001250
-0.001250
-0.001250
-0.001250
-0.001250
-0.001250
-0.001250
-0.001250
-0.001250
-0.001250
0.000000
